100111001
011000110
011000110
100101001
100010001
100101001
011000110
011000110
100111001

10001110001
01110001110
01100000110
01010001010
10001010001
10000100001
10001010001
01010001010
01100000110
01110001110
10001110001

1000111110001
0101000001010
0010000000100
0101000001010
0100100010010
1000010100001
1000001000001
1000010100001
0100100010010
0101000001010
0010000000100
0101000001010
1000111110001

100001111100001
010110000011010
001000000000100
010100000001010
010010000010010
100001000100001
100000101000001
100000010000001
100000101000001
100001000100001
010010000010010
010100000001010
001000000000100
010110000011010
100001111100001

10000011111000001
01001100000110010
00110000000001100
00110000000001100
01001000000010010
01000100000100010
10000010001000001
10000001010000001
10000000100000001
10000001010000001
10000010001000001
01000100000100010
01001000000010010
00110000000001100
00110000000001100
01001100000110010
10000011111000001

1000000111110000001
0100011000001100010
0011100000000011100
0011000000000001100
0010100000000010100
0100010000000100010
0100001000001000010
1000000100010000001
1000000010100000001
1000000001000000001
1000000010100000001
1000000100010000001
0100001000001000010
0100010000000100010
0010100000000010100
0011000000000001100
0011100000000011100
0100011000001100010
1000000111110000001

100000001111100000001
010000110000011000010
001011000000000110100
000100000000000001000
001010000000000010100
001001000000000100100
010000100000001000010
010000010000010000010
100000001000100000001
100000000101000000001
100000000010000000001
100000000101000000001
100000001000100000001
010000010000010000010
010000100000001000010
001001000000000100100
001010000000000010100
000100000000000001000
001011000000000110100
010000110000011000010
100000001111100000001

10000000011111000000001
01000011100000111000010
00100100000000000100100
00011000000000000011000
00011000000000000011000
00100100000000000100100
01000010000000001000010
01000001000000010000010
01000000100000100000010
10000000010001000000001
10000000001010000000001
10000000000100000000001
10000000001010000000001
10000000010001000000001
01000000100000100000010
01000001000000010000010
01000010000000001000010
00100100000000000100100
00011000000000000011000
00011000000000000011000
00100100000000000100100
01000011100000111000010
10000000011111000000001

1000000000111110000000001
0100000111000001110000010
0010011000000000001100100
0001100000000000000011000
0001100000000000000011000
0010010000000000000100100
0010001000000000001000100
0100000100000000010000010
0100000010000000100000010
0100000001000001000000010
1000000000100010000000001
1000000000010100000000001
1000000000001000000000001
1000000000010100000000001
1000000000100010000000001
0100000001000001000000010
0100000010000000100000010
0100000100000000010000010
0010001000000000001000100
0010010000000000000100100
0001100000000000000011000
0001100000000000000011000
0010011000000000001100100
0100000111000001110000010
1000000000111110000000001

100000000001111100000000001
010000001110000011100000010
001000110000000000011000100
000101000000000000000101000
000010000000000000000010000
000101000000000000000101000
001000100000000000001000100
001000010000000000010000100
010000001000000000100000010
010000000100000001000000010
010000000010000010000000010
100000000001000100000000001
100000000000101000000000001
100000000000010000000000001
100000000000101000000000001
100000000001000100000000001
010000000010000010000000010
010000000100000001000000010
010000001000000000100000010
001000010000000000010000100
001000100000000000001000100
000101000000000000000101000
000010000000000000000010000
000101000000000000000101000
001000110000000000011000100
010000001110000011100000010
100000000001111100000000001

10000000000011111000000000001
01000000011100000111100000010
00100001100000000000010000100
00010010000000000000001101000
00001100000000000000000010000
00001100000000000000000101000
00010010000000000000001001000
00100001000000000000010000100
00100000100000000000100000010
01000000010000000001000000010
01000000001000000010000000010
01000000000100000100000000010
10000000000010001000000000001
10000000000001010000000000001
10000000000000100000000000001
10000000000001010000000000001
10000000000010001000000000001
01000000000100000100000000010
01000000001000000010000000010
01000000010000000001000000010
00100000100000000000100000010
00100001000000000000010000100
00010010000000000000001001000
00001100000000000000000101000
00001100000000000000000110000
00010010000000000000001001000
00100001100000000000110000100
01000000011100000111000000010
10000000000011111000000000001

1000000000000111110000000000001
0100000001111000001111000000010
0010000010000000000000100000100
0001001100000000000000011001000
0000110000000000000000000110000
0000110000000000000000000110000
0001001000000000000000001001000
0001000100000000000000010001000
0010000010000000000000100000100
0100000001000000000001000000010
0100000000100000000010000000010
0100000000010000000100000000010
0100000000001000001000000000010
1000000000000100010000000000001
1000000000000010100000000000001
1000000000000001000000000000001
1000000000000010100000000000001
1000000000000100010000000000001
0100000000001000001000000000010
0100000000010000000100000000010
0100000000100000000010000000010
0100000001000000000001000000010
0010000010000000000000100000100
0001000100000000000000010001000
0001001000000000000000001001000
0000110000000000000000000110000
0000110000000000000000000110000
0001001100000000000000011001000
0010000010000000000000100000100
0100000001111000001111000000010
1000000000000111110000000000001

10000000000001111110000000000001
01000000001110000001110000000010
00100000110000000000001100000100
00010001000000000000000010001000
00001110000000000000000001110000
00001100000000000000000000110000
00001010000000000000000001010000
00010001000000000000000010001000
00100000100000000000000100000100
00100000010000000000001000000100
01000000001000000000010000000010
01000000000100000000100000000010
01000000000010000001000000000010
01000000000001000010000000000010
10000000000000100100000000000001
10000000000000011000000000000001
10000000000000011000000000000001
10000000000000100100000000000001
01000000000001000010000000000010
01000000000010000001000000000010
01000000000100000000100000000010
01000000001000000000010000000010
00100000010000000000001000000100
00100000100000000000000100000100
00010001000000000000000010001000
00001010000000000000000001010000
00001100000000000000000000110000
00001110000000000000000001110000
00010001000000000000000010001000
00100000110000000000001100000100
01000000001110000001110000000010
10000000000001111110000000000001
