000010000
000010000
110010011
001111100
000010000
001111100
110010011
000010000
000010000

00000100000
00000100000
10000100001
01100100110
00011111000
00000100000
00011111000
01100100110
10000100001
00000100000
00000100000

0000001000000
0000001000000
0000001000000
1100001000011
0011001001100
0000111110000
0000001000000
0000111110000
0011001001100
1100001000011
0000001000000
0000001000000
0000001000000

000000010000000
000000010000000
000000010000000
100000010000001
011000010000110
000110010011000
000001111100000
000000010000000
000001111100000
000110010011000
011000010000110
100000010000001
000000010000000
000000010000000
000000010000000

00000000100000000
00000000100000000
00000000100000000
00000000100000000
11000000100000011
00110000100001100
00001100100110000
00000011111000000
00000000100000000
00000011111000000
00001100100110000
00110000100001100
11000000100000011
00000000100000000
00000000100000000
00000000100000000
00000000100000000

0000000001000000000
0000000001000000000
0000000001000000000
0000000001000000000
1000000001000000001
0110000001000000110
0001100001000011000
0000011001001100000
0000000111110000000
0000000001000000000
0000000111110000000
0000011001001100000
0001100001000011000
0110000001000000110
1000000001000000001
0000000001000000000
0000000001000000000
0000000001000000000
0000000001000000000

000000000010000000000
000000000010000000000
000000000010000000000
000000000010000000000
000000000010000000000
110000000010000000011
001100000010000001100
000011000010000110000
000000110010011000000
000000001111100000000
000000000010000000000
000000001111100000000
000000110010011000000
000011000010000110000
001100000010000001100
110000000010000000011
000000000010000000000
000000000010000000000
000000000010000000000
000000000010000000000
000000000010000000000

00000000000100000000000
00000000000100000000000
00000000000100000000000
00000000000100000000000
00000000000100000000000
10000000000100000000001
01100000000100000000110
00011000000100000011000
00000110000100001100000
00000001100100110000000
00000000011111000000000
00000000000100000000000
00000000011111000000000
00000001100100110000000
00000110000100001100000
00011000000100000011000
01100000000100000000110
10000000000100000000001
00000000000100000000000
00000000000100000000000
00000000000100000000000
00000000000100000000000
00000000000100000000000

0000000000001000000000000
0000000000001000000000000
0000000000001000000000000
0000000000001000000000000
0000000000001000000000000
0000000000001000000000000
1100000000001000000000011
0011000000001000000001100
0000110000001000000110000
0000001100001000011000000
0000000011001001100000000
0000000000111110000000000
0000000000001000000000000
0000000000111110000000000
0000000011001001100000000
0000001100001000011000000
0000110000001000000110000
0011000000001000000001100
1100000000001000000000011
0000000000001000000000000
0000000000001000000000000
0000000000001000000000000
0000000000001000000000000
0000000000001000000000000
0000000000001000000000000

000000000000010000000000000
000000000000010000000000000
000000000000010000000000000
000000000000010000000000000
000000000000010000000000000
000000000000010000000000000
100000000000010000000000001
011000000000010000000000110
000110000000010000000011000
000001100000010000001100000
000000011000010000110000000
000000000110010011000000000
000000000001111100000000000
000000000000010000000000000
000000000001111100000000000
000000000110010011000000000
000000011000010000110000000
000001100000010000001100000
000110000000010000000011000
011000000000010000000000110
100000000000010000000000001
000000000000010000000000000
000000000000010000000000000
000000000000010000000000000
000000000000010000000000000
000000000000010000000000000
000000000000010000000000000

00000000000000100000000000000
00000000000000100000000000000
00000000000000100000000000000
00000000000000100000000000000
00000000000000100000000000000
00000000000000100000000000000
00000000000000100000000000000
11000000000000100000000000011
00110000000000100000000001100
00001100000000100000000110000
00000011000000100000011000000
00000000110000100001100000000
00000000001100100110000000000
00000000000011111000000000000
00000000000000100000000000000
00000000000011111000000000000
00000000001100100110000000000
00000000110000100001100000000
00000011000000100000011000000
00001100000000100000000110000
00110000000000100000000001100
11000000000000100000000000011
00000000000000100000000000000
00000000000000100000000000000
00000000000000100000000000000
00000000000000100000000000000
00000000000000100000000000000
00000000000000100000000000000
00000000000000100000000000000

0000000000000001000000000000000
0000000000000001000000000000000
0000000000000001000000000000000
0000000000000001000000000000000
0000000000000001000000000000000
0000000000000001000000000000000
0000000000000001000000000000000
1000000000000001000000000000001
0110000000000001000000000000110
0001100000000001000000000011000
0000011000000001000000001100000
0000000110000001000000110000000
0000000001100001000011000000000
0000000000011001001100000000000
0000000000000111110000000000000
0000000000000001000000000000000
0000000000000111110000000000000
0000000000011001001100000000000
0000000001100001000011000000000
0000000110000001000000110000000
0000011000000001000000001100000
0001100000000001000000000011000
0110000000000001000000000000110
1000000000000001000000000000001
0000000000000001000000000000000
0000000000000001000000000000000
0000000000000001000000000000000
0000000000000001000000000000000
0000000000000001000000000000000
0000000000000001000000000000000
0000000000000001000000000000000

00000000000000010000000000000000
00000000000000010000000000000000
00000000000000010000000000000000
00000000000000010000000000000000
00000000000000010000000000000000
00000000000000010000000000000000
00000000000000010000000000000000
00000000000000010000000000000000
10000000000000010000000000000010
01100000000000010000000000001100
00011000000000010000000000110000
00000110000000010000000011000000
00000001100000010000001100000000
00000000011000010000110000000000
00000000000110010011000000000000
00000000000001111100000000000000
00000000000001111100000000000000
00000000000110010011000000000000
00000000011000010000110000000000
00000001100000010000001100000000
00000110000000010000000011000000
00011000000000010000000000110000
01100000000000010000000000001100
10000000000000010000000000000010
00000000000000010000000000000000
00000000000000010000000000000000
00000000000000010000000000000000
00000000000000010000000000000000
00000000000000010000000000000000
00000000000000010000000000000000
00000000000000010000000000000000
00000000000000010000000000000000
