100000001
010000010
001000100
000101000
000010000
000101000
001000100
010000010
100000001

10000000001
01000000010
00100000100
00010001000
00001010000
00000100000
00001010000
00010001000
00100000100
01000000010
10000000001

1000000000001
0100000000010
0010000000100
0001000001000
0000100010000
0000010100000
0000001000000
0000010100000
0000100010000
0001000001000
0010000000100
0100000000010
1000000000001

100000000000001
010000000000010
001000000000100
000100000001000
000010000010000
000001000100000
000000101000000
000000010000000
000000101000000
000001000100000
000010000010000
000100000001000
001000000000100
010000000000010
100000000000001

10000000000000001
01000000000000010
00100000000000100
00010000000001000
00001000000010000
00000100000100000
00000010001000000
00000001010000000
00000000100000000
00000001010000000
00000010001000000
00000100000100000
00001000000010000
00010000000001000
00100000000000100
01000000000000010
10000000000000001

1000000000000000001
0100000000000000010
0010000000000000100
0001000000000001000
0000100000000010000
0000010000000100000
0000001000001000000
0000000100010000000
0000000010100000000
0000000001000000000
0000000010100000000
0000000100010000000
0000001000001000000
0000010000000100000
0000100000000010000
0001000000000001000
0010000000000000100
0100000000000000010
1000000000000000001

100000000000000000001
010000000000000000010
001000000000000000100
000100000000000001000
000010000000000010000
000001000000000100000
000000100000001000000
000000010000010000000
000000001000100000000
000000000101000000000
000000000010000000000
000000000101000000000
000000001000100000000
000000010000010000000
000000100000001000000
000001000000000100000
000010000000000010000
000100000000000001000
001000000000000000100
010000000000000000010
100000000000000000001

10000000000000000000001
01000000000000000000010
00100000000000000000100
00010000000000000001000
00001000000000000010000
00000100000000000100000
00000010000000001000000
00000001000000010000000
00000000100000100000000
00000000010001000000000
00000000001010000000000
00000000000100000000000
00000000001010000000000
00000000010001000000000
00000000100000100000000
00000001000000010000000
00000010000000001000000
00000100000000000100000
00001000000000000010000
00010000000000000001000
00100000000000000000100
01000000000000000000010
10000000000000000000001

1000000000000000000000001
0100000000000000000000010
0010000000000000000000100
0001000000000000000001000
0000100000000000000010000
0000010000000000000100000
0000001000000000001000000
0000000100000000010000000
0000000010000000100000000
0000000001000001000000000
0000000000100010000000000
0000000000010100000000000
0000000000001000000000000
0000000000010100000000000
0000000000100010000000000
0000000001000001000000000
0000000010000000100000000
0000000100000000010000000
0000001000000000001000000
0000010000000000000100000
0000100000000000000010000
0001000000000000000001000
0010000000000000000000100
0100000000000000000000010
1000000000000000000000001

100000000000000000000000001
010000000000000000000000010
001000000000000000000000100
000100000000000000000001000
000010000000000000000010000
000001000000000000000100000
000000100000000000001000000
000000010000000000010000000
000000001000000000100000000
000000000100000001000000000
000000000010000010000000000
000000000001000100000000000
000000000000101000000000000
000000000000010000000000000
000000000000101000000000000
000000000001000100000000000
000000000010000010000000000
000000000100000001000000000
000000001000000000100000000
000000010000000000010000000
000000100000000000001000000
000001000000000000000100000
000010000000000000000010000
000100000000000000000001000
001000000000000000000000100
010000000000000000000000010
100000000000000000000000001

10000000000000000000000000001
01000000000000000000000000010
00100000000000000000000000100
00010000000000000000000001000
00001000000000000000000010000
00000100000000000000000100000
00000010000000000000001000000
00000001000000000000010000000
00000000100000000000100000000
00000000010000000001000000000
00000000001000000010000000000
00000000000100000100000000000
00000000000010001000000000000
00000000000001010000000000000
00000000000000100000000000000
00000000000001010000000000000
00000000000010001000000000000
00000000000100000100000000000
00000000001000000010000000000
00000000010000000001000000000
00000000100000000000100000000
00000001000000000000010000000
00000010000000000000001000000
00000100000000000000000100000
00001000000000000000000010000
00010000000000000000000001000
00100000000000000000000000100
01000000000000000000000000010
10000000000000000000000000001

1000000000000000000000000000001
0100000000000000000000000000010
0010000000000000000000000000100
0001000000000000000000000001000
0000100000000000000000000010000
0000010000000000000000000100000
0000001000000000000000001000000
0000000100000000000000010000000
0000000010000000000000100000000
0000000001000000000001000000000
0000000000100000000010000000000
0000000000010000000100000000000
0000000000001000001000000000000
0000000000000100010000000000000
0000000000000010100000000000000
0000000000000001000000000000000
0000000000000010100000000000000
0000000000000100010000000000000
0000000000001000001000000000000
0000000000010000000100000000000
0000000000100000000010000000000
0000000001000000000001000000000
0000000010000000000000100000000
0000000100000000000000010000000
0000001000000000000000001000000
0000010000000000000000000100000
0000100000000000000000000010000
0001000000000000000000000001000
0010000000000000000000000000100
0100000000000000000000000000010
1000000000000000000000000000001

10000000000000000000000000000001
01000000000000000000000000000010
00100000000000000000000000000100
00010000000000000000000000001000
00001000000000000000000000010000
00000100000000000000000000100000
00000010000000000000000001000000
00000001000000000000000010000000
00000000100000000000000100000000
00000000010000000000001000000000
00000000001000000000010000000000
00000000000100000000100000000000
00000000000010000001000000000000
00000000000001000010000000000000
00000000000000100100000000000000
00000000000000011000000000000000
00000000000000011000000000000000
00000000000000100100000000000000
00000000000001000010000000000000
00000000000010000001000000000000
00000000000100000000100000000000
00000000001000000000010000000000
00000000010000000000001000000000
00000000100000000000000100000000
00000001000000000000000010000000
00000010000000000000000001000000
00000100000000000000000000100000
00001000000000000000000000010000
00010000000000000000000000001000
00100000000000000000000000000100
01000000000000000000000000000010
10000000000000000000000000000001
