000111000
011000110
010000010
100000001
100000001
100000001
010000010
011000110
000111000

00001110000
00110001100
01000000010
01000000010
10000000001
10000000001
10000000001
01000000010
01000000010
00110001100
00001110000

0000111110000
0001000001000
0010000000100
0100000000010
0100000000010
1000000000001
1000000000001
1000000000001
0100000000010
0100000000010
0010000000100
0001000001000
0000111110000

000001111100000
000110000011000
001000000000100
010000000000010
010000000000010
100000000000001
100000000000001
100000000000001
100000000000001
100000000000001
010000000000010
010000000000010
001000000000100
000110000011000
000001111100000

00000011111000000
00001100000110000
00010000000001000
00100000000000100
01000000000000010
01000000000000010
10000000000000001
10000000000000001
10000000000000001
10000000000000001
10000000000000001
01000000000000010
01000000000000010
00100000000000100
00010000000001000
00001100000110000
00000011111000000

0000000111110000000
0000011000001100000
0001100000000011000
0010000000000000100
0010000000000000100
0100000000000000010
0100000000000000010
1000000000000000001
1000000000000000001
1000000000000000001
1000000000000000001
1000000000000000001
0100000000000000010
0100000000000000010
0010000000000000100
0010000000000000100
0001100000000011000
0000011000001100000
0000000111110000000

000000001111100000000
000000110000011000000
000011000000000110000
000100000000000001000
001000000000000000100
001000000000000000100
010000000000000000010
010000000000000000010
100000000000000000001
100000000000000000001
100000000000000000001
100000000000000000001
100000000000000000001
010000000000000000010
010000000000000000010
001000000000000000100
001000000000000000100
000100000000000001000
000011000000000110000
000000110000011000000
000000001111100000000

00000000011111000000000
00000011100000111000000
00000100000000000100000
00011000000000000011000
00010000000000000001000
00100000000000000000100
01000000000000000000010
01000000000000000000010
01000000000000000000010
10000000000000000000001
10000000000000000000001
10000000000000000000001
10000000000000000000001
10000000000000000000001
01000000000000000000010
01000000000000000000010
01000000000000000000010
00100000000000000000100
00010000000000000001000
00011000000000000011000
00000100000000000100000
00000011100000111000000
00000000011111000000000

0000000000111110000000000
0000000111000001110000000
0000011000000000001100000
0000100000000000000010000
0001000000000000000001000
0010000000000000000000100
0010000000000000000000100
0100000000000000000000010
0100000000000000000000010
0100000000000000000000010
1000000000000000000000001
1000000000000000000000001
1000000000000000000000001
1000000000000000000000001
1000000000000000000000001
0100000000000000000000010
0100000000000000000000010
0100000000000000000000010
0010000000000000000000100
0010000000000000000000100
0001000000000000000001000
0000100000000000000010000
0000011000000000001100000
0000000111000001110000000
0000000000111110000000000

000000000001111100000000000
000000001110000011100000000
000000110000000000011000000
000001000000000000000100000
000010000000000000000010000
000100000000000000000001000
001000000000000000000000100
001000000000000000000000100
010000000000000000000000010
010000000000000000000000010
010000000000000000000000010
100000000000000000000000001
100000000000000000000000001
100000000000000000000000001
100000000000000000000000001
100000000000000000000000001
010000000000000000000000010
010000000000000000000000010
010000000000000000000000010
001000000000000000000000100
001000000000000000000000100
000100000000000000000001000
000010000000000000000010000
000001000000000000000100000
000000110000000000011000000
000000001110000011100000000
000000000001111100000000000

00000000000011111000000000000
00000000011100000111100000000
00000001100000000000010000000
00000010000000000000001100000
00001100000000000000000010000
00001000000000000000000001000
00010000000000000000000001000
00100000000000000000000000100
00100000000000000000000000010
01000000000000000000000000010
01000000000000000000000000010
01000000000000000000000000010
10000000000000000000000000001
10000000000000000000000000001
10000000000000000000000000001
10000000000000000000000000001
10000000000000000000000000001
01000000000000000000000000010
01000000000000000000000000010
01000000000000000000000000010
00100000000000000000000000010
00100000000000000000000000100
00010000000000000000000001000
00001000000000000000000001000
00001100000000000000000110000
00000010000000000000001000000
00000001100000000000110000000
00000000011100000111000000000
00000000000011111000000000000

0000000000000111110000000000000
0000000001111000001111000000000
0000000010000000000000100000000
0000001100000000000000011000000
0000010000000000000000000100000
0000100000000000000000000010000
0001000000000000000000000001000
0001000000000000000000000001000
0010000000000000000000000000100
0100000000000000000000000000010
0100000000000000000000000000010
0100000000000000000000000000010
0100000000000000000000000000010
1000000000000000000000000000001
1000000000000000000000000000001
1000000000000000000000000000001
1000000000000000000000000000001
1000000000000000000000000000001
0100000000000000000000000000010
0100000000000000000000000000010
0100000000000000000000000000010
0100000000000000000000000000010
0010000000000000000000000000100
0001000000000000000000000001000
0001000000000000000000000001000
0000100000000000000000000010000
0000010000000000000000000100000
0000001100000000000000011000000
0000000010000000000000100000000
0000000001111000001111000000000
0000000000000111110000000000000

00000000000001111110000000000000
00000000001110000001110000000000
00000000110000000000001100000000
00000001000000000000000010000000
00000110000000000000000001100000
00001000000000000000000000010000
00001000000000000000000000010000
00010000000000000000000000001000
00100000000000000000000000000100
00100000000000000000000000000100
01000000000000000000000000000010
01000000000000000000000000000010
01000000000000000000000000000010
01000000000000000000000000000010
10000000000000000000000000000001
10000000000000000000000000000001
10000000000000000000000000000001
10000000000000000000000000000001
01000000000000000000000000000010
01000000000000000000000000000010
01000000000000000000000000000010
01000000000000000000000000000010
00100000000000000000000000000100
00100000000000000000000000000100
00010000000000000000000000001000
00001000000000000000000000010000
00001000000000000000000000010000
00000110000000000000000001100000
00000001000000000000000010000000
00000000110000000000001100000000
00000000001110000001110000000000
00000000000001111110000000000000
