000111000
011010110
010010010
100010001
111111111
100010001
010010010
011010110
000111000

00001110000
00110101100
01000100010
01000100010
10000100001
11111111111
10000100001
01000100010
01000100010
00110101100
00001110000

0000111110000
0001001001000
0010001000100
0100001000010
0100001000010
1000001000001
1111111111111
1000001000001
0100001000010
0100001000010
0010001000100
0001001001000
0000111110000

000001111100000
000110010011000
001000010000100
010000010000010
010000010000010
100000010000001
100000010000001
111111111111111
100000010000001
100000010000001
010000010000010
010000010000010
001000010000100
000110010011000
000001111100000

00000011111000000
00001100100110000
00010000100001000
00100000100000100
01000000100000010
01000000100000010
10000000100000001
10000000100000001
11111111111111111
10000000100000001
10000000100000001
01000000100000010
01000000100000010
00100000100000100
00010000100001000
00001100100110000
00000011111000000

0000000111110000000
0000011001001100000
0001100001000011000
0010000001000000100
0010000001000000100
0100000001000000010
0100000001000000010
1000000001000000001
1000000001000000001
1111111111111111111
1000000001000000001
1000000001000000001
0100000001000000010
0100000001000000010
0010000001000000100
0010000001000000100
0001100001000011000
0000011001001100000
0000000111110000000

000000001111100000000
000000110010011000000
000011000010000110000
000100000010000001000
001000000010000000100
001000000010000000100
010000000010000000010
010000000010000000010
100000000010000000001
100000000010000000001
111111111111111111111
100000000010000000001
100000000010000000001
010000000010000000010
010000000010000000010
001000000010000000100
001000000010000000100
000100000010000001000
000011000010000110000
000000110010011000000
000000001111100000000

00000000011111000000000
00000011100100111000000
00000100000100000100000
00011000000100000011000
00010000000100000001000
00100000000100000000100
01000000000100000000010
01000000000100000000010
01000000000100000000010
10000000000100000000001
10000000000100000000001
11111111111111111111111
10000000000100000000001
10000000000100000000001
01000000000100000000010
01000000000100000000010
01000000000100000000010
00100000000100000000100
00010000000100000001000
00011000000100000011000
00000100000100000100000
00000011100100111000000
00000000011111000000000

0000000000111110000000000
0000000111001001110000000
0000011000001000001100000
0000100000001000000010000
0001000000001000000001000
0010000000001000000000100
0010000000001000000000100
0100000000001000000000010
0100000000001000000000010
0100000000001000000000010
1000000000001000000000001
1000000000001000000000001
1111111111111111111111111
1000000000001000000000001
1000000000001000000000001
0100000000001000000000010
0100000000001000000000010
0100000000001000000000010
0010000000001000000000100
0010000000001000000000100
0001000000001000000001000
0000100000001000000010000
0000011000001000001100000
0000000111001001110000000
0000000000111110000000000

000000000001111100000000000
000000001110010011100000000
000000110000010000011000000
000001000000010000000100000
000010000000010000000010000
000100000000010000000001000
001000000000010000000000100
001000000000010000000000100
010000000000010000000000010
010000000000010000000000010
010000000000010000000000010
100000000000010000000000001
100000000000010000000000001
111111111111111111111111111
100000000000010000000000001
100000000000010000000000001
010000000000010000000000010
010000000000010000000000010
010000000000010000000000010
001000000000010000000000100
001000000000010000000000100
000100000000010000000001000
000010000000010000000010000
000001000000010000000100000
000000110000010000011000000
000000001110010011100000000
000000000001111100000000000

00000000000011111000000000000
00000000011100100111100000000
00000001100000100000010000000
00000010000000100000001100000
00001100000000100000000010000
00001000000000100000000001000
00010000000000100000000001000
00100000000000100000000000100
00100000000000100000000000010
01000000000000100000000000010
01000000000000100000000000010
01000000000000100000000000010
10000000000000100000000000001
10000000000000100000000000001
11111111111111111111111111111
10000000000000100000000000001
10000000000000100000000000001
01000000000000100000000000010
01000000000000100000000000010
01000000000000100000000000010
00100000000000100000000000010
00100000000000100000000000100
00010000000000100000000001000
00001000000000100000000001000
00001100000000100000000110000
00000010000000100000001000000
00000001100000100000110000000
00000000011100100111000000000
00000000000011111000000000000

0000000000000111110000000000000
0000000001111001001111000000000
0000000010000001000000100000000
0000001100000001000000011000000
0000010000000001000000000100000
0000100000000001000000000010000
0001000000000001000000000001000
0001000000000001000000000001000
0010000000000001000000000000100
0100000000000001000000000000010
0100000000000001000000000000010
0100000000000001000000000000010
0100000000000001000000000000010
1000000000000001000000000000001
1000000000000001000000000000001
1111111111111111111111111111111
1000000000000001000000000000001
1000000000000001000000000000001
0100000000000001000000000000010
0100000000000001000000000000010
0100000000000001000000000000010
0100000000000001000000000000010
0010000000000001000000000000100
0001000000000001000000000001000
0001000000000001000000000001000
0000100000000001000000000010000
0000010000000001000000000100000
0000001100000001000000011000000
0000000010000001000000100000000
0000000001111001001111000000000
0000000000000111110000000000000

00000000000001111110000000000000
00000000001110010001110000000000
00000000110000010000001100000000
00000001000000010000000010000000
00000110000000010000000001100000
00001000000000010000000000010000
00001000000000010000000000010000
00010000000000010000000000001000
00100000000000010000000000000100
00100000000000010000000000000100
01000000000000010000000000000010
01000000000000010000000000000010
01000000000000010000000000000010
01000000000000010000000000000010
10000000000000010000000000000001
11111111111111111111111111111111
10000000000000010000000000000001
10000000000000010000000000000001
01000000000000010000000000000010
01000000000000010000000000000010
01000000000000010000000000000010
01000000000000010000000000000010
00100000000000010000000000000100
00100000000000010000000000000100
00010000000000010000000000001000
00001000000000010000000000010000
00001000000000010000000000010000
00000110000000010000000001100000
00000001000000010000000010000000
00000000110000010000001100000000
00000000001110010001110000000000
00000000000001111110000000000000
