000010000
000010000
000010000
000010000
111111111
000010000
000010000
000010000
000010000

00000100000
00000100000
00000100000
00000100000
00000100000
11111111111
00000100000
00000100000
00000100000
00000100000
00000100000

0000001000000
0000001000000
0000001000000
0000001000000
0000001000000
0000001000000
1111111111111
0000001000000
0000001000000
0000001000000
0000001000000
0000001000000
0000001000000

000000010000000
000000010000000
000000010000000
000000010000000
000000010000000
000000010000000
000000010000000
111111111111111
000000010000000
000000010000000
000000010000000
000000010000000
000000010000000
000000010000000
000000010000000

00000000100000000
00000000100000000
00000000100000000
00000000100000000
00000000100000000
00000000100000000
00000000100000000
00000000100000000
11111111111111111
00000000100000000
00000000100000000
00000000100000000
00000000100000000
00000000100000000
00000000100000000
00000000100000000
00000000100000000

0000000001000000000
0000000001000000000
0000000001000000000
0000000001000000000
0000000001000000000
0000000001000000000
0000000001000000000
0000000001000000000
0000000001000000000
1111111111111111111
0000000001000000000
0000000001000000000
0000000001000000000
0000000001000000000
0000000001000000000
0000000001000000000
0000000001000000000
0000000001000000000
0000000001000000000

000000000010000000000
000000000010000000000
000000000010000000000
000000000010000000000
000000000010000000000
000000000010000000000
000000000010000000000
000000000010000000000
000000000010000000000
000000000010000000000
111111111111111111111
000000000010000000000
000000000010000000000
000000000010000000000
000000000010000000000
000000000010000000000
000000000010000000000
000000000010000000000
000000000010000000000
000000000010000000000
000000000010000000000

00000000000100000000000
00000000000100000000000
00000000000100000000000
00000000000100000000000
00000000000100000000000
00000000000100000000000
00000000000100000000000
00000000000100000000000
00000000000100000000000
00000000000100000000000
00000000000100000000000
11111111111111111111111
00000000000100000000000
00000000000100000000000
00000000000100000000000
00000000000100000000000
00000000000100000000000
00000000000100000000000
00000000000100000000000
00000000000100000000000
00000000000100000000000
00000000000100000000000
00000000000100000000000

0000000000001000000000000
0000000000001000000000000
0000000000001000000000000
0000000000001000000000000
0000000000001000000000000
0000000000001000000000000
0000000000001000000000000
0000000000001000000000000
0000000000001000000000000
0000000000001000000000000
0000000000001000000000000
0000000000001000000000000
1111111111111111111111111
0000000000001000000000000
0000000000001000000000000
0000000000001000000000000
0000000000001000000000000
0000000000001000000000000
0000000000001000000000000
0000000000001000000000000
0000000000001000000000000
0000000000001000000000000
0000000000001000000000000
0000000000001000000000000
0000000000001000000000000

000000000000010000000000000
000000000000010000000000000
000000000000010000000000000
000000000000010000000000000
000000000000010000000000000
000000000000010000000000000
000000000000010000000000000
000000000000010000000000000
000000000000010000000000000
000000000000010000000000000
000000000000010000000000000
000000000000010000000000000
000000000000010000000000000
111111111111111111111111111
000000000000010000000000000
000000000000010000000000000
000000000000010000000000000
000000000000010000000000000
000000000000010000000000000
000000000000010000000000000
000000000000010000000000000
000000000000010000000000000
000000000000010000000000000
000000000000010000000000000
000000000000010000000000000
000000000000010000000000000
000000000000010000000000000

00000000000000100000000000000
00000000000000100000000000000
00000000000000100000000000000
00000000000000100000000000000
00000000000000100000000000000
00000000000000100000000000000
00000000000000100000000000000
00000000000000100000000000000
00000000000000100000000000000
00000000000000100000000000000
00000000000000100000000000000
00000000000000100000000000000
00000000000000100000000000000
00000000000000100000000000000
11111111111111111111111111111
00000000000000100000000000000
00000000000000100000000000000
00000000000000100000000000000
00000000000000100000000000000
00000000000000100000000000000
00000000000000100000000000000
00000000000000100000000000000
00000000000000100000000000000
00000000000000100000000000000
00000000000000100000000000000
00000000000000100000000000000
00000000000000100000000000000
00000000000000100000000000000
00000000000000100000000000000

0000000000000001000000000000000
0000000000000001000000000000000
0000000000000001000000000000000
0000000000000001000000000000000
0000000000000001000000000000000
0000000000000001000000000000000
0000000000000001000000000000000
0000000000000001000000000000000
0000000000000001000000000000000
0000000000000001000000000000000
0000000000000001000000000000000
0000000000000001000000000000000
0000000000000001000000000000000
0000000000000001000000000000000
0000000000000001000000000000000
1111111111111111111111111111111
0000000000000001000000000000000
0000000000000001000000000000000
0000000000000001000000000000000
0000000000000001000000000000000
0000000000000001000000000000000
0000000000000001000000000000000
0000000000000001000000000000000
0000000000000001000000000000000
0000000000000001000000000000000
0000000000000001000000000000000
0000000000000001000000000000000
0000000000000001000000000000000
0000000000000001000000000000000
0000000000000001000000000000000
0000000000000001000000000000000

00000000000000010000000000000000
00000000000000010000000000000000
00000000000000010000000000000000
00000000000000010000000000000000
00000000000000010000000000000000
00000000000000010000000000000000
00000000000000010000000000000000
00000000000000010000000000000000
00000000000000010000000000000000
00000000000000010000000000000000
00000000000000010000000000000000
00000000000000010000000000000000
00000000000000010000000000000000
00000000000000010000000000000000
00000000000000010000000000000000
11111111111111111111111111111111
00000000000000010000000000000000
00000000000000010000000000000000
00000000000000010000000000000000
00000000000000010000000000000000
00000000000000010000000000000000
00000000000000010000000000000000
00000000000000010000000000000000
00000000000000010000000000000000
00000000000000010000000000000000
00000000000000010000000000000000
00000000000000010000000000000000
00000000000000010000000000000000
00000000000000010000000000000000
00000000000000010000000000000000
00000000000000010000000000000000
00000000000000010000000000000000
