000000000
000000000
000000000
000000000
000010000
000000000
000000000
000000000
000000000

00000000000
00000000000
00000000000
00000000000
00000110000
00000110000
00000000000
00000000000
00000000000
00000000000
00000000000

0000000000000
0000000000000
0000000000000
0000000000000
0000000000000
0000001100000
0000001100000
0000000000000
0000000000000
0000000000000
0000000000000
0000000000000
0000000000000

000000000000000
000000000000000
000000000000000
000000000000000
000000000000000
000000000000000
000000011000000
000000011000000
000000000000000
000000000000000
000000000000000
000000000000000
000000000000000
000000000000000
000000000000000

00000000000000000
00000000000000000
00000000000000000
00000000000000000
00000000000000000
00000000000000000
00000000000000000
00000001110000000
00000001110000000
00000001110000000
00000000000000000
00000000000000000
00000000000000000
00000000000000000
00000000000000000
00000000000000000
00000000000000000

0000000000000000000
0000000000000000000
0000000000000000000
0000000000000000000
0000000000000000000
0000000000000000000
0000000000000000000
0000000011110000000
0000000011110000000
0000000011110000000
0000000011110000000
0000000000000000000
0000000000000000000
0000000000000000000
0000000000000000000
0000000000000000000
0000000000000000000
0000000000000000000
0000000000000000000

000000000000000000000
000000000000000000000
000000000000000000000
000000000000000000000
000000000000000000000
000000000000000000000
000000000000000000000
000000000000000000000
000000000111100000000
000000000111100000000
000000000111100000000
000000000111100000000
000000000000000000000
000000000000000000000
000000000000000000000
000000000000000000000
000000000000000000000
000000000000000000000
000000000000000000000
000000000000000000000
000000000000000000000

00000000000000000000000
00000000000000000000000
00000000000000000000000
00000000000000000000000
00000000000000000000000
00000000000000000000000
00000000000000000000000
00000000000000000000000
00000000000000000000000
00000000001111000000000
00000000001111000000000
00000000001111000000000
00000000001111000000000
00000000000000000000000
00000000000000000000000
00000000000000000000000
00000000000000000000000
00000000000000000000000
00000000000000000000000
00000000000000000000000
00000000000000000000000
00000000000000000000000
00000000000000000000000

0000000000000000000000000
0000000000000000000000000
0000000000000000000000000
0000000000000000000000000
0000000000000000000000000
0000000000000000000000000
0000000000000000000000000
0000000000000000000000000
0000000000000000000000000
0000000000000000000000000
0000000000111110000000000
0000000000111110000000000
0000000000111110000000000
0000000000111110000000000
0000000000111110000000000
0000000000000000000000000
0000000000000000000000000
0000000000000000000000000
0000000000000000000000000
0000000000000000000000000
0000000000000000000000000
0000000000000000000000000
0000000000000000000000000
0000000000000000000000000
0000000000000000000000000

000000000000000000000000000
000000000000000000000000000
000000000000000000000000000
000000000000000000000000000
000000000000000000000000000
000000000000000000000000000
000000000000000000000000000
000000000000000000000000000
000000000000000000000000000
000000000000000000000000000
000000000001111110000000000
000000000001111110000000000
000000000001111110000000000
000000000001111110000000000
000000000001111110000000000
000000000001111110000000000
000000000000000000000000000
000000000000000000000000000
000000000000000000000000000
000000000000000000000000000
000000000000000000000000000
000000000000000000000000000
000000000000000000000000000
000000000000000000000000000
000000000000000000000000000
000000000000000000000000000
000000000000000000000000000

00000000000000000000000000000
00000000000000000000000000000
00000000000000000000000000000
00000000000000000000000000000
00000000000000000000000000000
00000000000000000000000000000
00000000000000000000000000000
00000000000000000000000000000
00000000000000000000000000000
00000000000000000000000000000
00000000000000000000000000000
00000000000011111100000000000
00000000000011111100000000000
00000000000011111100000000000
00000000000011111100000000000
00000000000011111100000000000
00000000000011111100000000000
00000000000000000000000000000
00000000000000000000000000000
00000000000000000000000000000
00000000000000000000000000000
00000000000000000000000000000
00000000000000000000000000000
00000000000000000000000000000
00000000000000000000000000000
00000000000000000000000000000
00000000000000000000000000000
00000000000000000000000000000
00000000000000000000000000000

0000000000000000000000000000000
0000000000000000000000000000000
0000000000000000000000000000000
0000000000000000000000000000000
0000000000000000000000000000000
0000000000000000000000000000000
0000000000000000000000000000000
0000000000000000000000000000000
0000000000000000000000000000000
0000000000000000000000000000000
0000000000000000000000000000000
0000000000000000000000000000000
0000000000000111111000000000000
0000000000000111111000000000000
0000000000000111111000000000000
0000000000000111111000000000000
0000000000000111111000000000000
0000000000000111111000000000000
0000000000000000000000000000000
0000000000000000000000000000000
0000000000000000000000000000000
0000000000000000000000000000000
0000000000000000000000000000000
0000000000000000000000000000000
0000000000000000000000000000000
0000000000000000000000000000000
0000000000000000000000000000000
0000000000000000000000000000000
0000000000000000000000000000000
0000000000000000000000000000000
0000000000000000000000000000000

00000000000000000000000000000000
00000000000000000000000000000000
00000000000000000000000000000000
00000000000000000000000000000000
00000000000000000000000000000000
00000000000000000000000000000000
00000000000000000000000000000000
00000000000000000000000000000000
00000000000000000000000000000000
00000000000000000000000000000000
00000000000000000000000000000000
00000000000000000000000000000000
00000000000001111111000000000000
00000000000001111111000000000000
00000000000001111111000000000000
00000000000001111111000000000000
00000000000001111111000000000000
00000000000001111111000000000000
00000000000001111111000000000000
00000000000000000000000000000000
00000000000000000000000000000000
00000000000000000000000000000000
00000000000000000000000000000000
00000000000000000000000000000000
00000000000000000000000000000000
00000000000000000000000000000000
00000000000000000000000000000000
00000000000000000000000000000000
00000000000000000000000000000000
00000000000000000000000000000000
00000000000000000000000000000000
00000000000000000000000000000000
