000111000
011010110
110010011
101111101
100010001
101111101
110010011
011010110
000111000

00001110000
00110101100
11000100011
01100100110
10011111001
10000100001
10011111001
01100100110
11000100011
00110101100
00001110000

0000111110000
0001001001000
0010001000100
1100001000011
0111001001110
1000111110001
1000001000001
1000111110001
0111001001110
1100001000011
0010001000100
0001001001000
0000111110000

000001111100000
000110010011000
001000010000100
110000010000011
011000010000110
100110010011001
100001111100001
100000010000001
100001111100001
100110010011001
011000010000110
110000010000011
001000010000100
000110010011000
000001111100000

00000011111000000
00001100100110000
00010000100001000
00100000100000100
11000000100000011
01110000100001110
10001100100110001
10000011111000001
10000000100000001
10000011111000001
10001100100110001
01110000100001110
11000000100000011
00100000100000100
00010000100001000
00001100100110000
00000011111000000

0000000111110000000
0000011001001100000
0001100001000011000
0010000001000000100
1010000001000000101
0110000001000000110
0101100001000011010
1000011001001100001
1000000111110000001
1000000001000000001
1000000111110000001
1000011001001100001
0101100001000011010
0110000001000000110
1010000001000000101
0010000001000000100
0001100001000011000
0000011001001100000
0000000111110000000

000000001111100000000
000000110010011000000
000011000010000110000
000100000010000001000
001000000010000000100
111000000010000000111
011100000010000001110
010011000010000110010
100000110010011000001
100000001111100000001
100000000010000000001
100000001111100000001
100000110010011000001
010011000010000110010
011100000010000001110
111000000010000000111
001000000010000000100
000100000010000001000
000011000010000110000
000000110010011000000
000000001111100000000

00000000011111000000000
00000011100100111000000
00000100000100000100000
00011000000100000011000
00010000000100000001000
10100000000100000000101
01100000000100000000110
01011000000100000011010
01000110000100001100010
10000001100100110000001
10000000011111000000001
10000000000100000000001
10000000011111000000001
10000001100100110000001
01000110000100001100010
01011000000100000011010
01100000000100000000110
10100000000100000000101
00010000000100000001000
00011000000100000011000
00000100000100000100000
00000011100100111000000
00000000011111000000000

0000000000111110000000000
0000000111001001110000000
0000011000001000001100000
0000100000001000000010000
0001000000001000000001000
0010000000001000000000100
1110000000001000000000111
0111000000001000000001110
0100110000001000000110010
0100001100001000011000010
1000000011001001100000001
1000000000111110000000001
1000000000001000000000001
1000000000111110000000001
1000000011001001100000001
0100001100001000011000010
0100110000001000000110010
0111000000001000000001110
1110000000001000000000111
0010000000001000000000100
0001000000001000000001000
0000100000001000000010000
0000011000001000001100000
0000000111001001110000000
0000000000111110000000000

000000000001111100000000000
000000001110010011100000000
000000110000010000011000000
000001000000010000000100000
000010000000010000000010000
000100000000010000000001000
101000000000010000000000101
011000000000010000000000110
010110000000010000000011010
010001100000010000001100010
010000011000010000110000010
100000000110010011000000001
100000000001111100000000001
100000000000010000000000001
100000000001111100000000001
100000000110010011000000001
010000011000010000110000010
010001100000010000001100010
010110000000010000000011010
011000000000010000000000110
101000000000010000000000101
000100000000010000000001000
000010000000010000000010000
000001000000010000000100000
000000110000010000011000000
000000001110010011100000000
000000000001111100000000000

00000000000011111000000000000
00000000011100100111100000000
00000001100000100000010000000
00000010000000100000001100000
00001100000000100000000010000
00001000000000100000000001000
00010000000000100000000001000
11100000000000100000000000111
00110000000000100000000001110
01001100000000100000000110010
01000011000000100000011000010
01000000110000100001100000010
10000000001100100110000000001
10000000000011111000000000001
10000000000000100000000000001
10000000000011111000000000001
10000000001100100110000000001
01000000110000100001100000010
01000011000000100000011000010
01001100000000100000000110010
00110000000000100000000001110
11100000000000100000000000111
00010000000000100000000001000
00001000000000100000000001000
00001100000000100000000110000
00000010000000100000001000000
00000001100000100000110000000
00000000011100100111000000000
00000000000011111000000000000

0000000000000111110000000000000
0000000001111001001111000000000
0000000010000001000000100000000
0000001100000001000000011000000
0000010000000001000000000100000
0000100000000001000000000010000
0001000000000001000000000001000
1001000000000001000000000001001
0110000000000001000000000000110
0101100000000001000000000011010
0100011000000001000000001100010
0100000110000001000000110000010
0100000001100001000011000000010
1000000000011001001100000000001
1000000000000111110000000000001
1000000000000001000000000000001
1000000000000111110000000000001
1000000000011001001100000000001
0100000001100001000011000000010
0100000110000001000000110000010
0100011000000001000000001100010
0101100000000001000000000011010
0110000000000001000000000000110
1001000000000001000000000001001
0001000000000001000000000001000
0000100000000001000000000010000
0000010000000001000000000100000
0000001100000001000000011000000
0000000010000001000000100000000
0000000001111001001111000000000
0000000000000111110000000000000

00000000000001111110000000000000
00000000001110010001110000000000
00000000110000010000001100000000
00000001000000010000000010000000
00000110000000010000000001100000
00001000000000010000000000010000
00001000000000010000000000010000
00010000000000010000000000001000
10100000000000010000000000000110
01100000000000010000000000001100
01011000000000010000000000110010
01000110000000010000000011000010
01000001100000010000001100000010
01000000011000010000110000000010
10000000000110010011000000000001
10000000000001111100000000000001
10000000000001111100000000000001
10000000000110010011000000000001
01000000011000010000110000000010
01000001100000010000001100000010
01000110000000010000000011000010
01011000000000010000000000110010
01100000000000010000000000001100
10100000000000010000000000000110
00010000000000010000000000001000
00001000000000010000000000010000
00001000000000010000000000010000
00000110000000010000000001100000
00000001000000010000000010000000
00000000110000010000001100000000
00000000001110010001110000000000
00000000000001111110000000000000
